1:ItNr	2:Metric	3a:Time	3b:StepSize	4:||Gradient||	Time[ms]
0	111791.381722	0.000000	0.000036	1391.920549	52.5
1	117396.094202	0.000000	0.000036	779.059154	0.8
2	117642.889864	0.972574	0.000034	2174.046576	0.6
3	107305.537654	1.972536	0.000033	960.055529	0.5
4	116399.861062	1.206058	0.000034	1081.494094	0.6
5	103437.150205	0.442117	0.000035	954.820682	0.5
6	100289.429070	1.371570	0.000033	1963.738524	0.5
7	123941.654272	2.289393	0.000032	1012.058742	0.5
8	100631.270178	3.258192	0.000031	1157.689728	0.6
9	109758.854596	2.397936	0.000032	1098.965981	0.5
10	118918.424863	1.680377	0.000033	960.225676	0.5
11	106299.552524	0.823402	0.000034	2348.997375	0.5
12	104331.611873	1.720753	0.000033	1605.631024	0.6
13	124276.668544	2.720753	0.000032	1234.245699	0.6
14	113752.920519	1.963046	0.000033	1522.568722	0.5
15	111782.793525	1.036940	0.000034	1375.981621	0.7
16	116098.000363	1.014700	0.000034	1438.864595	3.4
17	116925.402472	0.048056	0.000036	1462.246883	1.5
18	120748.234435	0.000000	0.000036	451.328890	1.3
19	108925.428309	0.000000	0.000036	1221.286042	0.6
20	129888.662835	0.000000	0.000036	1355.872012	0.7
21	114083.158419	0.000000	0.000036	1023.821514	0.6
22	107553.397443	0.883488	0.000034	900.903041	0.6
23	121868.140789	1.693103	0.000033	1048.378789	0.5
24	108591.492336	0.735907	0.000034	1796.917621	0.5
25	114372.756475	1.735903	0.000033	1096.363199	0.5
26	114021.723516	0.769252	0.000034	1304.112472	0.6
27	106252.115434	0.158106	0.000035	1813.736671	0.5
28	105860.802947	0.000000	0.000036	2069.680404	0.5
29	120714.611937	0.000000	0.000036	1208.896903	0.6
30	109031.724725	0.999002	0.000034	1096.521953	0.6
31	121844.123982	1.690373	0.000033	1116.875789	0.5
32	111568.958504	0.725264	0.000034	674.122004	0.5
33	114313.116838	0.000000	0.000036	1281.910111	0.6
34	115367.843342	0.000000	0.000036	1871.645396	0.6
35	105806.738946	1.000000	0.000034	1122.730301	3.2
36	113108.410283	1.999992	0.000032	2714.092038	1.4
37	115325.441664	1.045434	0.000034	2184.005654	0.6
38	106597.182638	0.402273	0.000035	1740.995453	0.7
39	110354.889237	1.402272	0.000033	1718.895175	0.6
40	126047.706989	2.402256	0.000032	1461.886013	3.7
41	117205.753898	3.378268	0.000031	1014.763511	0.8
42	108038.069157	4.370381	0.000029	783.571538	0.7
43	111761.151977	3.722854	0.000030	990.092440	0.8
44	111657.602135	4.351441	0.000029	1691.851887	0.7
45	118380.824258	5.350368	0.000028	1481.610843	0.6
46	99301.670238	6.350342	0.000027	1775.944604	0.6
47	101993.524482	5.385250	0.000028	1283.159713	0.5
48	102819.784654	6.176639	0.000028	1952.400054	0.6
49	102091.369370	5.721809	0.000028	720.201124	1.1
50	102530.897645	6.705299	0.000027	1423.290063	0.6
51	103763.506735	5.848284	0.000028	1791.830092	0.8
52	117854.947379	6.848222	0.000027	1856.339652	0.7
53	113820.215707	7.847831	0.000026	1354.317371	0.6
54	111109.209792	6.881135	0.000027	1263.044964	0.5
55	119790.458959	5.915692	0.000028	1473.520607	0.5
56	107371.088546	6.893892	0.000027	1411.163915	0.5
57	100476.566211	5.927881	0.000028	1361.989087	0.5
58	111530.530068	6.926760	0.000027	1112.309035	0.7
59	107005.932876	6.297454	0.000027	878.276920	0.6
60	100532.347209	7.121262	0.000027	1248.619508	0.6
61	116285.865177	6.408899	0.000027	1868.736167	0.6
62	114761.999889	7.408899	0.000026	1104.468065	0.6
63	107843.319772	6.497536	0.000027	1184.225579	0.6
64	113776.521698	7.364437	0.000026	1429.460863	0.6
65	103371.364804	6.758031	0.000027	1007.675465	0.6
66	129655.330286	7.757675	0.000026	1089.454228	0.6
67	130721.156991	6.914304	0.000027	2509.211863	0.6
68	106824.060827	6.520573	0.000027	1121.969820	0.8
69	103927.525758	7.520572	0.000026	857.250053	1.3
70	109223.696873	6.650258	0.000027	654.547307	2.7
71	143729.730121	6.442826	0.000027	1061.085099	0.7
72	107723.496175	6.671586	0.000027	1205.686129	0.7
73	102263.854102	5.713537	0.000028	2096.439543	0.6
74	95791.581577	6.713532	0.000027	1158.048128	0.6
75	107071.235245	7.678149	0.000026	929.902021	0.5
76	117405.221460	8.577465	0.000025	834.998372	0.5
77	113677.916021	8.385322	0.000025	1443.238861	0.5
78	127920.070733	7.428607	0.000026	474.556000	0.6
79	119503.530031	6.911532	0.000027	1804.892900	0.6
80	121327.036996	5.956932	0.000028	1198.885993	0.6
81	116060.808777	6.950465	0.000027	1018.420369	0.5
82	131801.173616	6.435170	0.000027	1608.797284	0.5
83	119228.465319	7.429368	0.000026	936.767705	0.5
84	106874.080487	6.698019	0.000027	1092.866109	0.6
85	100857.536787	7.025297	0.000027	1939.037131	0.5
86	126766.882435	8.024128	0.000026	1769.460813	0.5
87	103184.961504	9.024128	0.000025	1172.522310	0.5
88	115935.447293	8.057422	0.000026	1988.943341	0.5
89	102721.543864	7.090700	0.000027	986.814955	0.5
90	108904.297733	8.089231	0.000026	1162.989521	0.6
91	121183.966674	7.131999	0.000027	676.112059	0.6
92	106078.842320	6.604542	0.000027	1529.989998	0.6
93	113446.682719	5.859601	0.000028	1036.059652	0.5
94	110405.312566	4.893050	0.000029	824.918276	0.5
95	123803.036507	5.366355	0.000028	3402.131127	0.6
96	119274.327747	4.399801	0.000029	1696.466279	0.6
97	126479.846058	5.399796	0.000028	1130.345489	0.7
98	109115.351493	4.433070	0.000029	1111.378709	0.6
99	135174.759034	3.467309	0.000031	1563.172784	0.6
100	114747.645204	2.503975	0.000032	639.628204	0.6
101	112605.384991	3.494267	0.000031	1590.579881	0.6
102	108254.562907	3.190154	0.000031	819.649029	0.6
103	127176.016479	4.158571	0.000030	1703.095399	0.6
104	130845.952909	3.198852	0.000031	1368.790184	0.6
105	134272.616648	2.746179	0.000031	2099.742595	0.6
106	113740.710941	3.746179	0.000030	1165.409092	0.6
107	102817.658399	4.746179	0.000029	1011.613056	0.6
108	106852.141462	3.869943	0.000030	815.804477	0.6
109	130597.341737	4.129643	0.000030	841.495674	0.6
110	120281.886694	4.462529	0.000029	1935.247689	0.6
111	125981.222502	5.462282	0.000028	2275.239152	0.8
112	121972.972104	4.555902	0.000029	1316.736382	0.7
113	112356.985682	5.549282	0.000028	996.692721	1.6
114	118853.665951	4.918366	0.000029	1280.255834	1.9
115	116479.625684	3.952343	0.000030	1661.568510	0.8
116	119566.836013	2.993087	0.000031	1999.973081	0.8
117	108033.924679	2.026644	0.000032	1095.140598	0.6
118	101643.976122	3.025796	0.000031	839.959333	0.6
119	114941.732004	3.001001	0.000031	1278.837659	0.7
120	123635.741688	3.979613	0.000030	1460.385758	0.6
121	116325.714219	3.550845	0.000030	2041.360401	0.6
122	107552.888141	4.547942	0.000029	1277.781403	0.6
123	120396.245726	3.581213	0.000030	1096.397798	0.6
124	107867.952402	4.418301	0.000029	1262.611731	0.6
125	118716.285330	5.256733	0.000028	1567.942881	0.6
126	126156.218603	6.241692	0.000027	1757.838018	0.6
127	107654.891296	7.241443	0.000026	1034.030076	0.6
128	109837.515962	8.098109	0.000026	940.454653	0.6
129	97032.428239	9.010767	0.000025	1112.273420	0.6
130	117097.912940	8.432624	0.000025	1634.983285	0.6
131	113663.968257	7.789980	0.000026	2478.731726	0.6
132	116460.118711	8.789980	0.000025	2014.189571	0.6
133	107226.927266	9.785328	0.000024	1439.226840	0.6
134	113842.170581	10.774717	0.000024	1238.398903	0.6
135	109620.713423	9.844018	0.000024	1210.256245	0.6
136	125457.114260	10.842992	0.000023	1144.365592	0.6
137	126228.452035	10.052069	0.000024	1511.075606	0.6
138	111369.612245	11.045552	0.000023	1267.081410	0.6
139	123059.179213	10.078847	0.000024	1816.500329	0.6
140	114438.093203	9.112137	0.000025	2569.760942	0.6
141	103664.710203	10.112136	0.000024	1221.375773	0.5
142	117728.090883	11.112124	0.000023	898.631379	0.6
143	129082.918832	10.260589	0.000024	1927.610830	0.5
144	111803.995887	9.369905	0.000025	1214.891307	0.5
145	108429.129239	9.005128	0.000025	1558.181798	0.5
146	111061.141503	9.570504	0.000024	1105.901391	0.5
147	105768.420441	8.623778	0.000025	1100.297164	0.5
148	111823.341963	7.663190	0.000026	1097.051562	0.6
149	112707.461082	6.698574	0.000027	948.598599	0.5
150	109734.082992	7.619460	0.000026	1545.347518	0.6
151	117640.728237	8.451756	0.000025	1464.006132	0.5
152	106796.222775	7.485027	0.000026	608.342816	1.0
153	102786.285847	6.543266	0.000027	1302.538806	0.5
154	126273.460005	7.301962	0.000026	1662.273553	0.6
155	114237.486105	7.709284	0.000026	1433.031312	0.5
156	103406.767608	8.686359	0.000025	2103.811434	0.5
157	117087.755385	7.771579	0.000026	758.550501	0.5
158	111068.983651	6.805081	0.000027	1634.054960	0.5
159	118940.795926	5.838996	0.000028	1623.794716	0.5
160	118507.130076	5.391732	0.000028	985.655985	1.3
161	132001.161581	6.336815	0.000027	1430.719121	2.1
162	115369.707744	5.370418	0.000028	1771.467150	0.7
163	114544.233623	4.864905	0.000029	1460.934578	0.8
164	116591.827621	3.898219	0.000030	1995.245171	0.8
165	115008.710541	4.897973	0.000029	2052.782153	0.7
166	106664.596543	3.931244	0.000030	2204.274031	0.7
167	103749.318790	4.931244	0.000029	1705.226324	0.8
168	114488.666633	5.931244	0.000028	1952.023687	0.7
169	118096.291627	6.931240	0.000027	1457.930829	0.7
170	119891.788467	5.964573	0.000028	1909.587786	0.7
171	120762.935530	5.555161	0.000028	1204.656173	1.5
172	112312.607652	4.588432	0.000029	1424.073769	0.7
173	135332.392701	5.555632	0.000028	2238.007781	0.7
174	111995.441601	4.696991	0.000029	1021.220209	0.7
175	101925.655447	5.695872	0.000028	1126.229224	0.7
176	121370.193312	6.592874	0.000027	1970.766017	0.7
177	131002.737051	7.592858	0.000026	1068.211337	0.7
178	113859.093971	6.626134	0.000027	1607.046343	0.7
179	108174.773222	7.624973	0.000026	1681.454049	0.7
180	108672.983837	6.659317	0.000027	1814.062821	1.2
181	104062.864246	5.692839	0.000028	1194.509023	0.7
182	114704.670402	4.726110	0.000029	1150.128678	0.7
183	115402.123327	5.724480	0.000028	790.319486	0.7
184	119222.135674	6.378970	0.000027	1610.774621	0.6
185	112957.901300	7.378269	0.000026	1521.240872	0.7
186	115478.303998	8.372592	0.000025	625.149629	0.7
187	106166.004804	7.726167	0.000026	1462.569121	0.7
188	123750.861106	6.861317	0.000027	1487.722349	1.1
189	109429.598371	5.910832	0.000028	1353.984801	1.9
190	109030.808436	4.981703	0.000029	1463.365664	0.7
191	106382.464995	4.406822	0.000029	586.499250	0.9
192	104103.122330	3.626533	0.000030	1558.190642	1.3
193	100039.258287	4.622310	0.000029	1357.577335	2.2
194	114762.760193	3.655641	0.000030	1128.358406	1.1
195	106450.974856	3.013527	0.000031	1414.685410	0.7
196	130815.878208	3.814269	0.000030	955.671052	0.6
197	118057.453458	2.943304	0.000031	1821.671135	0.6
198	117805.848934	3.943298	0.000030	1827.167477	0.5
199	119923.678845	4.897889	0.000029	2097.481744	0.6
200	113478.297880	3.969351	0.000030	515.221646	0.6
201	109112.705815	4.954289	0.000029	2047.390502	0.6
202	123019.752673	5.943443	0.000028	1053.764124	0.6
203	107103.392400	6.943430	0.000027	1590.818385	0.6
204	115620.551088	6.407699	0.000027	1449.347610	1.3
205	119329.960961	7.407697	0.000026	676.119762	0.7
206	101619.490415	8.269720	0.000026	1441.816931	0.6
207	105048.932368	8.106085	0.000026	1316.935451	0.6
208	126287.880534	7.139846	0.000027	1142.755232	0.6
209	120536.857406	7.014267	0.000027	1803.738009	0.6
210	107431.722723	8.014127	0.000026	948.849693	0.6
211	116417.137415	7.048360	0.000027	1671.783673	0.6
212	112299.616684	6.098655	0.000028	1335.980754	0.6
213	108405.429917	5.131955	0.000029	844.983773	0.6
214	120101.999709	6.120445	0.000028	1798.607031	0.6
215	133083.426093	7.072786	0.000027	807.826909	0.6
216	99876.981495	8.047256	0.000026	1267.283236	0.6
217	123234.585658	7.755875	0.000026	1091.288785	0.5
218	117992.567448	8.728443	0.000025	715.230372	0.5
219	107883.173713	8.171199	0.000026	2384.579331	0.5
220	134109.770591	7.205947	0.000027	980.804645	0.5
221	125335.869117	6.242032	0.000027	1753.766504	0.5
222	105303.889387	7.241842	0.000026	573.895894	0.6
223	113986.354368	7.931825	0.000026	1401.165720	0.5
224	110618.043649	8.741083	0.000025	1409.849876	0.5
225	103262.062178	9.740568	0.000024	1220.698600	0.5
226	124404.280227	10.739890	0.000024	798.391710	0.5
227	127453.091170	10.688296	0.000024	1371.591913	0.5
228	106296.985432	9.734739	0.000024	1107.152730	0.5
229	112100.236093	10.564359	0.000024	477.930066	0.6
230	112384.880404	10.663215	0.000024	969.422652	0.6
231	108673.844066	10.947572	0.000023	1554.581330	0.5
232	111966.181807	9.981921	0.000024	1686.074193	1.1
233	107998.087801	9.015192	0.000025	1390.720612	0.6
234	110533.298564	10.015192	0.000024	666.217477	0.6
235	103838.627151	10.215299	0.000024	973.847451	0.6
236	108687.523779	10.876541	0.000023	1196.509246	0.7
237	102404.933864	9.921347	0.000024	879.219021	3.0
238	108770.729503	10.209316	0.000024	1199.046709	0.7
239	134444.653747	9.797413	0.000024	1826.806606	0.7
240	108063.795259	8.835229	0.000025	917.749923	0.6
241	116880.061289	8.199822	0.000026	2367.815532	0.6
242	118055.802233	8.993240	0.000025	1442.097617	0.6
243	108218.070392	8.026512	0.000026	1738.127412	0.5
244	116568.632650	9.026511	0.000025	1637.226616	0.5
245	111303.241834	10.026511	0.000024	545.470127	0.6
246	122753.572470	10.939623	0.000023	1751.197156	0.5
247	109285.189486	10.589865	0.000024	963.913561	0.6
248	109878.558993	9.828194	0.000024	1057.963613	0.6
249	113339.708481	8.862519	0.000025	1608.257655	0.7
250	131278.413644	9.573100	0.000024	1675.101300	0.6
251	117361.788970	8.606371	0.000025	556.128665	0.6
252	112641.750518	9.530415	0.000024	1657.079863	0.6
253	119560.923482	8.580656	0.000025	2099.962964	0.6
254	122514.741426	7.613928	0.000026	1060.259317	0.5
255	111199.622149	8.609523	0.000025	1776.887541	0.6
