1:ItNr	2:Metric	3a:Time	3b:StepSize	4:||Gradient||	Time[ms]
0	143669.566010	0.000000	0.000074	673.962406	54.5
1	130438.024478	0.000000	0.000074	1328.062335	1.8
2	137205.038476	0.000000	0.000074	1084.639615	1.5
3	136860.254651	0.999783	0.000070	600.299970	1.4
4	132967.981303	0.048347	0.000073	1636.092667	1.4
5	129387.660049	1.048329	0.000070	738.161810	1.3
6	133072.911227	2.048329	0.000067	1598.709174	1.4
7	133712.367945	3.048328	0.000064	1103.067077	2.5
8	140896.985752	4.035605	0.000062	1865.273613	3.5
9	134562.043186	3.084044	0.000064	932.134177	1.8
10	136886.603702	2.132482	0.000067	1664.223964	1.4
11	129686.147380	3.132464	0.000064	1392.605002	1.4
12	132714.521010	2.180902	0.000067	1386.275487	1.4
13	125474.624606	1.274844	0.000069	1163.228547	1.4
14	130969.787973	2.274843	0.000066	793.545562	1.6
15	142933.200690	1.324449	0.000069	684.155505	3.4
16	131901.788394	0.373771	0.000072	1096.276227	2.7
17	132658.285919	0.000000	0.000074	1144.816619	1.6
18	136052.116931	0.000000	0.000074	991.089446	1.4
19	127105.194659	0.000000	0.000074	1276.090591	1.5
20	132210.527131	1.000000	0.000070	1300.997332	1.7
21	138682.930913	0.083259	0.000073	1072.128242	1.4
22	128983.010453	0.000000	0.000074	1099.229145	1.6
23	135910.703866	1.000000	0.000070	962.233905	1.5
24	136248.609449	1.999999	0.000067	977.272315	1.7
25	129294.029126	1.048855	0.000070	1505.339356	1.4
26	130701.367821	2.043303	0.000067	645.160585	1.6
27	133482.660779	3.043278	0.000064	856.294767	1.4
28	131057.384515	4.006970	0.000062	1054.123682	1.4
29	134264.814140	3.055410	0.000064	1233.574987	1.7
30	132886.654683	2.103850	0.000067	1413.961000	1.5
31	137592.431893	1.167510	0.000070	1098.761550	1.5
32	131183.431971	0.280499	0.000073	1345.723226	1.4
33	128749.168002	1.279222	0.000069	1069.016411	2.5
34	130862.946268	2.279222	0.000066	1661.723880	1.7
35	134022.330515	2.901549	0.000065	1461.992482	1.7
36	137847.172808	3.901548	0.000062	930.860474	1.7
37	132380.488225	2.950409	0.000064	1322.953478	1.4
38	134305.030848	3.950409	0.000062	1003.240259	1.6
39	138045.093405	2.998847	0.000064	1691.123426	1.4
40	132126.699466	2.047286	0.000067	999.903715	1.6
41	139534.495907	3.047283	0.000064	1487.773803	1.6
42	135340.854715	4.047283	0.000062	1011.432904	1.7
43	136623.629581	3.355115	0.000063	780.553494	1.4
44	136661.596254	2.403563	0.000066	1589.451273	1.6
45	125866.028741	1.452002	0.000069	819.647136	1.6
46	135522.049678	0.500441	0.000072	1576.758259	1.4
47	135983.960102	0.000000	0.000074	1269.382919	1.4
48	131655.811048	1.000000	0.000070	1542.144767	1.6
49	125225.504214	2.000000	0.000067	1221.752999	1.6
50	140381.850375	1.051573	0.000070	1149.163183	2.3
51	140005.511558	2.049454	0.000067	959.922289	1.7
52	133723.163224	1.097894	0.000070	619.445513	3.8
53	134802.209905	1.028801	0.000070	544.482349	3.2
54	132130.305296	1.955091	0.000067	1549.606135	1.8
55	127152.905462	1.003530	0.000070	930.224444	2.0
56	135155.550095	2.003530	0.000067	621.560478	2.0
57	140274.195745	2.995884	0.000064	876.172419	1.4
58	136141.833798	2.310169	0.000066	1197.767090	1.4
59	140005.430012	1.361288	0.000069	1043.059515	1.6
60	140234.253384	0.781553	0.000071	1517.925805	1.6
61	140675.961131	0.000000	0.000074	2086.129063	1.8
62	138587.253086	1.000000	0.000070	1907.915164	1.5
63	133582.199893	2.000000	0.000067	677.628578	1.7
64	132383.584575	1.048439	0.000070	1704.472747	1.4
65	138923.673976	0.097007	0.000073	537.792691	1.4
66	129927.322529	0.000000	0.000074	592.216483	1.4
67	126512.375735	0.000000	0.000074	1338.681514	2.3
68	138132.990438	0.392241	0.000072	690.231872	3.0
69	138544.832648	0.000000	0.000074	1038.550073	1.8
70	143031.009753	0.999980	0.000070	1110.154656	1.7
71	126342.122207	0.057752	0.000073	930.564660	1.7
72	136205.516837	0.000000	0.000074	878.674505	1.6
73	135558.135852	0.000000	0.000074	1110.289533	1.7
74	127647.223475	0.881482	0.000071	880.062526	1.7
75	140345.603253	1.876865	0.000067	690.439686	1.7
76	135324.412558	0.934642	0.000070	1249.619672	1.7
77	139885.671891	1.934610	0.000067	1438.451918	1.7
78	137079.689029	0.983049	0.000070	1448.586896	1.9
79	135002.973131	0.034074	0.000073	1544.184731	1.8
80	135067.140508	0.000000	0.000074	1508.511706	1.7
81	135153.901945	1.000000	0.000070	656.277012	1.7
82	135933.796434	1.350175	0.000069	1325.688921	1.7
83	132043.218346	0.398743	0.000072	627.755505	2.1
84	141769.152945	0.000000	0.000074	1927.250083	2.2
85	133792.127972	0.909346	0.000070	623.119343	1.8
86	131387.774642	0.000000	0.000074	1524.631012	1.7
87	126685.304330	0.999211	0.000070	976.556117	1.7
88	135318.744788	1.999207	0.000067	1780.032808	1.8
89	132755.120582	2.997941	0.000064	1346.440947	1.7
90	139611.058100	2.046404	0.000067	1263.022149	1.6
91	144498.605839	3.046404	0.000064	1118.943646	1.7
92	133371.167841	2.094842	0.000067	657.043022	1.7
93	137529.537519	1.235781	0.000069	742.865643	1.7
94	139819.045400	1.868299	0.000068	610.822403	1.6
95	136205.358631	1.065643	0.000070	1605.853241	1.6
96	137268.073251	0.116748	0.000073	856.795350	1.7
97	131180.989700	1.116612	0.000070	1815.748631	1.6
98	133794.142653	2.116576	0.000067	1518.569907	1.7
99	136795.658382	3.116576	0.000064	1611.123794	1.7
100	131472.974989	4.116574	0.000061	449.268227	2.1
101	137714.778074	5.110485	0.000059	492.034433	2.8
102	134921.828565	4.183874	0.000061	1289.480854	1.8
103	133596.578400	3.589576	0.000063	628.988013	1.8
104	134105.567056	2.651899	0.000065	1132.148461	1.8
105	131775.542808	3.650508	0.000063	216.203725	1.7
106	147113.267314	4.588622	0.000060	624.974720	1.8
107	142441.392713	4.771560	0.000060	1097.675409	1.7
108	130230.458587	5.597382	0.000058	988.448329	1.7
109	137731.570459	6.597382	0.000056	1220.844134	1.7
110	134632.711169	7.597381	0.000054	970.062988	1.7
111	128075.326193	6.645819	0.000056	1168.602766	1.6
112	144385.950760	7.532462	0.000054	1091.134904	1.4
113	133215.218236	6.580900	0.000056	1074.841079	1.4
114	147247.965651	7.572403	0.000054	890.772392	1.6
115	144243.082792	6.645462	0.000056	905.341456	1.8
116	134245.078389	5.808643	0.000058	1148.150786	1.5
117	131093.602573	6.775385	0.000056	1160.500099	1.8
118	139382.097983	7.775325	0.000054	482.548326	1.7
119	140086.235272	6.824918	0.000055	661.454102	1.5
120	133401.646625	7.762551	0.000054	1798.392482	1.5
121	136027.403196	7.445761	0.000054	1506.270830	1.4
122	138989.988498	6.494200	0.000056	1479.242112	1.3
123	134549.451149	7.494200	0.000054	507.016298	1.5
124	145424.469867	6.542663	0.000056	1129.536657	1.6
125	136199.156009	5.631807	0.000058	1009.982651	1.4
126	134310.065386	6.631748	0.000056	837.236076	1.6
127	137197.914888	6.464780	0.000056	1149.927133	1.8
128	130272.046010	7.464461	0.000054	960.064695	1.4
129	133011.392509	8.430510	0.000052	1165.406605	1.4
130	126335.105518	9.430510	0.000051	1348.977965	1.5
131	137640.643981	10.430510	0.000049	914.308772	1.5
132	152303.816103	11.430303	0.000048	992.106773	1.5
133	141439.960717	10.478932	0.000049	899.320587	1.6
134	136212.119077	9.529177	0.000051	1032.298181	1.5
135	134099.101174	8.676646	0.000052	1066.760557	1.3
136	133097.594344	7.725084	0.000054	1314.699665	1.7
137	137272.731645	7.794658	0.000054	839.320735	3.5
138	135680.976531	8.794361	0.000052	737.027422	1.5
139	143028.183588	9.775317	0.000050	891.018187	1.6
140	138349.764055	8.826975	0.000052	1035.329776	1.4
141	129113.262614	7.880188	0.000053	1274.284591	1.4
142	136481.852338	8.878996	0.000052	1223.218179	1.4
143	136140.589360	9.461313	0.000051	849.474287	1.5
144	135199.415410	10.460926	0.000049	555.693280	1.7
145	129542.917397	11.390023	0.000048	1000.836559	1.6
146	139832.240680	12.384951	0.000046	830.748927	1.8
147	140729.481157	11.445013	0.000048	1802.457377	1.5
148	137811.847076	10.989362	0.000048	1483.771018	1.5
149	140494.176592	11.989362	0.000047	1343.970561	1.6
150	147194.306891	12.989361	0.000045	591.768776	1.5
151	134990.388891	12.038924	0.000047	567.519586	1.5
152	144183.703571	12.992191	0.000045	691.390798	1.3
153	141592.170424	12.874153	0.000046	1275.427897	1.8
154	133281.413611	13.874107	0.000044	634.239087	1.5
155	140140.534848	14.873053	0.000043	1642.456675	1.8
156	133862.311160	15.412013	0.000042	994.641803	2.1
157	129731.072240	16.364368	0.000041	846.237792	1.7
158	134313.755823	17.364012	0.000040	1649.614628	1.6
159	135304.909008	18.364012	0.000039	797.186818	1.6
160	138782.377768	17.470526	0.000040	660.073448	1.5
161	132600.217064	17.085074	0.000041	1076.345321	1.5
162	132683.269679	17.779149	0.000040	691.340609	1.4
163	134022.163511	18.766021	0.000039	1089.613589	1.6
164	129629.873864	19.761021	0.000038	1025.441468	1.5
165	136683.867975	20.678072	0.000037	1553.295013	1.5
166	142667.603269	19.726513	0.000038	698.217573	1.7
167	132769.140186	20.725990	0.000037	980.733010	1.5
168	135627.856508	21.642563	0.000036	940.740763	1.6
169	132966.738048	22.622685	0.000035	1441.651882	1.6
170	149911.703089	21.671481	0.000036	1165.953033	1.6
171	132540.507368	20.719923	0.000037	839.652072	1.5
172	144543.565908	19.768417	0.000038	1088.115234	1.6
173	128659.834178	20.768416	0.000037	534.922160	2.0
174	138383.005696	21.766378	0.000036	1079.615641	3.4
175	135781.116763	21.150441	0.000037	585.130891	1.5
176	138004.442236	22.150250	0.000036	862.338364	1.4
177	147182.748471	23.120341	0.000035	1428.516638	1.4
178	136763.749235	24.120313	0.000034	1319.250007	1.5
179	139095.800899	25.120313	0.000033	899.088094	1.4
180	133950.477813	24.238395	0.000034	1646.812801	1.6
181	132304.719904	25.237749	0.000033	704.058165	1.5
182	137930.544577	25.062848	0.000034	1162.896620	1.5
183	138198.062714	26.061603	0.000033	972.906673	1.4
184	134830.477129	25.115293	0.000033	964.813660	1.3
185	135639.175397	26.115280	0.000033	717.534265	2.1
186	138501.224883	27.113597	0.000032	748.061751	1.7
187	138512.777911	28.113103	0.000031	743.413018	1.8
188	137274.298640	28.689526	0.000031	746.505443	1.4
189	132413.417893	29.511152	0.000031	1151.049307	1.4
190	132871.646247	28.560100	0.000031	1533.335493	1.6
191	135676.582057	29.560100	0.000031	1475.867165	1.5
192	142306.993622	30.560100	0.000030	943.548294	1.3
193	143619.851463	31.560100	0.000029	666.440577	1.6
194	135457.888930	32.547225	0.000029	1052.204821	1.8
195	127572.882574	31.632390	0.000029	1030.956903	2.0
196	130966.275236	30.680844	0.000030	749.516923	2.4
197	126744.402560	31.668042	0.000029	785.556199	1.8
198	140459.120169	32.661825	0.000029	1247.420993	1.5
199	143843.556354	32.583573	0.000029	1451.318888	1.6
200	136165.019152	31.632013	0.000029	1125.175221	1.5
201	127820.810070	32.632002	0.000029	1593.242322	1.6
202	137846.961452	31.680440	0.000029	1100.528298	1.6
203	132713.220110	32.671803	0.000029	1148.968809	1.8
204	135774.530039	31.744658	0.000029	1202.867360	1.5
205	134453.667531	30.793096	0.000030	623.184985	1.4
206	132054.159210	31.792055	0.000029	1140.869996	1.5
207	131821.114420	30.840500	0.000030	487.705352	1.4
208	136527.355742	30.986039	0.000030	641.556399	1.9
209	140017.183790	31.864983	0.000029	1337.473822	1.7
210	130512.669187	30.913433	0.000030	702.936919	2.1
211	129108.654736	31.912599	0.000029	2284.541039	1.7
212	132963.963423	30.961037	0.000030	1236.937811	1.6
213	142623.884405	31.959963	0.000029	1426.881950	1.7
214	137721.773781	32.959963	0.000029	992.862763	1.4
215	138366.719875	33.959963	0.000028	1045.331902	3.9
216	131967.015979	33.008418	0.000029	1045.282193	3.5
217	133725.121497	32.056908	0.000029	2054.360239	1.4
218	131413.174504	31.105551	0.000030	1109.458095	1.4
219	135938.540316	32.105551	0.000029	1216.092561	1.4
220	132979.251031	32.788239	0.000029	1262.875892	1.6
221	132414.698577	33.788236	0.000028	1561.967531	1.5
222	132575.538686	34.788236	0.000028	1278.630806	1.7
223	132736.918904	33.836674	0.000028	727.715745	1.6
224	127290.126223	32.885602	0.000029	1002.198800	1.4
225	135234.764479	31.958503	0.000029	1294.240322	2.4
226	140762.231836	31.007322	0.000030	753.419042	2.3
227	133608.925431	30.056005	0.000030	1507.329397	1.5
228	132251.951299	30.946794	0.000030	685.335810	1.4
229	137506.508616	29.995233	0.000030	1198.238511	1.4
230	138206.678056	30.910067	0.000030	594.490037	1.4
231	131504.390111	31.890383	0.000029	822.427102	1.5
232	133792.832155	32.872078	0.000029	559.592997	1.5
233	134334.338194	33.869963	0.000028	705.585557	1.6
234	142051.793186	34.475810	0.000028	1111.538656	1.4
235	138071.311569	35.470186	0.000027	1049.545209	1.6
236	138777.594953	36.470186	0.000027	1678.986702	1.5
237	122944.283141	37.470176	0.000026	1228.321075	1.4
238	145838.027649	38.470176	0.000026	1043.786960	1.5
239	134591.853595	37.605935	0.000026	718.037578	1.4
240	128456.659335	38.586189	0.000026	1377.366681	1.3
241	130084.706675	39.583806	0.000025	519.022611	1.5
242	132126.823943	38.779249	0.000026	1035.905312	1.6
243	136580.590227	39.776354	0.000025	864.462617	1.6
244	136041.873791	38.835033	0.000026	1146.489348	1.7
245	139407.377328	37.883472	0.000026	1458.271496	2.5
246	138471.587710	38.883425	0.000026	1377.282146	1.6
247	123294.337893	37.931911	0.000026	1437.117254	1.4
248	131854.048967	37.711652	0.000026	1231.825132	1.8
249	134386.104113	38.711652	0.000026	566.449170	1.3
250	133207.239374	39.693824	0.000025	560.772367	1.8
251	134911.960268	40.178090	0.000025	1077.358157	1.6
252	147024.074332	41.157417	0.000025	1059.382813	1.8
253	140762.053074	40.208867	0.000025	659.481767	1.9
254	137883.774487	39.284942	0.000026	1424.522426	1.7
255	124451.179156	38.334081	0.000026	1232.209208	1.7
